# Created by Octave 3.6.4, Wed Jul 22 12:42:06 2015 India Standard Time <unknown@Dell>
# name: l
# type: matrix
# rows: 1
# columns: 29
 6.1101 5.5277 8.518599999999999 7.0032 5.8598 8.382899999999999 7.4764 8.578099999999999 6.4862 5.0546 5.7107 14.164 5.734 8.4084 5.6407 5.3794 6.3654 5.1301 6.4296 7.0708 6.1891 20.27 5.4901 6.3261 5.5649 18.945 12.828 10.957 13.176


